 41%|████      | 105/256 [00:00<00:00, 1042.68it/s]
square
100%|██████████| 256/256 [00:00<00:00, 881.35it/s]
  0%|          | 106/131072 [00:00<02:03, 1057.30it/s]
14 x 36 22 x 36
1 dimensions: 8
openings:
defaultdict(<class 'list'>,
            {0: [([5, 33, 13], 1)],
             2: [([3, 27, 23], 1)],
             4: [([1, 16, 26], 1), ([1, 19, 31], 1)],
             8: [([11, 31, 19], 1)],
             10: [([9, 22, 26], 1), ([9, 23, 27], 1)],
             15: [([16, 26, 22], 1)],
             18: [([1, 3, 27], 1), ([1, 6, 33], 1)],
             24: [([9, 11, 31], 1), ([9, 12, 33], 1)],
             28: [([3, 1, 19], 1), ([3, 5, 33], 1), ([16, 17, 31], -1)],
             29: [([3, 1, 20], 1)],
             30: [([11, 9, 23], 1), ([11, 13, 33], 1), ([22, 21, 27], -1)],
             32: [([11, 9, 25], 1)],
             34: [([12, 9, 25], 1)],
             35: [([6, 1, 20], 1)]})
storm
100%|██████████| 131072/131072 [02:17<00:00, 954.49it/s]
100%|██████████| 64/64 [00:00<00:00, 1030.87it/s]
  3%|▎         | 130/4096 [00:00<00:03, 1298.27it/s]
19 x 45 35 x 45
2 dimensions: 7,7
openings:
defaultdict(<class 'list'>,
            {0: [([2, 27, 14], 1), ([8, 29, 10], -1), ([8, 38, 12], -1)],
             3: [([1, 19, 30], 1), ([1, 21, 32], 1), ([7, 37, 30], 1)],
             5: [([7, 28, 26], 1), ([8, 29, 26], 1)],
             9: [([11, 30, 19], 1), ([11, 32, 21], 1)],
             13: [([16, 29, 26], 1)],
             15: [([11, 30, 37], 1)],
             17: [([1, 6, 27], 1)],
             22: [([1, 4, 37], 1), ([18, 30, 37], 1), ([18, 31, 40], 1)],
             23: [([1, 4, 38], 1)],
             24: [([10, 14, 32], 1), ([28, 40, 31], -1)],
             25: [([2, 7, 37], 1), ([2, 8, 38], 1), ([10, 16, 38], 1)],
             34: [([11, 12, 38], 1)],
             35: [([19, 18, 31], 1), ([37, 33, 31], 1)],
             36: [([4, 1, 21], 1), ([12, 11, 32], -1), ([19, 18, 32], -1)],
             39: [([20, 18, 32], 1)],
             42: [([6, 2, 28], 1)],
             43: [([6, 2, 29], 1), ([14, 10, 29], 1)],
             44: [([7, 2, 29], 1), ([7, 4, 38], 1), ([28, 26, 41], -1)]})
defaultdict(<class 'list'>,
            {0: [([2, 27, 14], 1), ([8, 29, 10], -1), ([8, 38, 12], -1)],
             3: [([1, 19, 30], 1), ([1, 21, 32], 1), ([7, 37, 30], 1)],
             5: [([7, 28, 26], 1), ([8, 29, 26], 1)],
             9: [([11, 30, 19], 1), ([11, 32, 21], 1)],
             13: [([16, 29, 26], 1)],
             15: [([11, 30, 37], 1)],
             17: [([1, 6, 27], 1)],
             22: [([1, 4, 37], 1), ([18, 30, 37], 1), ([18, 31, 40], 1)],
             23: [([1, 4, 38], 1)],
             24: [([10, 14, 32], 1), ([28, 40, 31], 1)],
             25: [([2, 7, 37], 1), ([2, 8, 38], 1), ([10, 16, 38], 1)],
             34: [([11, 12, 38], 1)],
             35: [([19, 18, 31], 1), ([37, 33, 31], 1)],
             36: [([4, 1, 21], 1), ([12, 11, 32], -1), ([19, 18, 32], -1)],
             39: [([20, 18, 32], 1)],
             42: [([6, 2, 28], 1)],
             43: [([6, 2, 29], 1), ([14, 10, 29], 1)],
             44: [([7, 2, 29], 1), ([7, 4, 38], 1), ([28, 26, 41], -1)]})
tang_triag
14 x 36 21 x 36
1 dimensions: 7
openings:
defaultdict(<class 'list'>,
            {0: [([2, 23, 12], 1), ([3, 27, 12], 1)],
             4: [([1, 19, 31], 1), ([2, 24, 31], 1)],
             7: [([1, 16, 29], 1)],
             8: [([14, 29, 16], 1), ([14, 32, 17], 1)],
             13: [([9, 22, 31], 1)],
             15: [([1, 6, 24], 1), ([17, 31, 24], 1)],
             18: [([1, 3, 27], 1)],
             21: [([2, 5, 27], 1), ([9, 12, 27], 1)],
             25: [([9, 11, 32], 1)],
             26: [([29, 14, 11], 1), ([29, 20, 17], 1)],
             28: [([3, 1, 19], 1)],
             30: [([11, 9, 23], 1)],
             33: [([5, 2, 24], 1)],
             34: [([12, 10, 29], 1)],
             35: [([19, 17, 32], 1)]})
ya_big_triag
100%|██████████| 4096/4096 [00:03<00:00, 1296.88it/s]
 91%|█████████ | 233/256 [00:00<00:00, 1197.98it/s]
15 x 36 26 x 36
1 dimensions: 7
openings:
defaultdict(<class 'list'>,
            {0: [([2, 22, 11], 1), ([7, 29, 10], 1), ([7, 32, 11], 1)],
             5: [([1, 16, 27], 1), ([2, 24, 33], -1), ([3, 28, 33], -1)],
             8: [([10, 27, 18], 1)],
             13: [([9, 23, 33], 1), ([10, 27, 33], 1)],
             15: [([1, 4, 22], 1)],
             19: [([1, 3, 28], 1), ([16, 27, 33], -1)],
             20: [([1, 3, 29], 1), ([1, 4, 32], 1)],
             21: [([2, 6, 28], 1), ([9, 12, 27], -1), ([23, 33, 28], 1)],
             25: [([2, 4, 32], 1), ([9, 11, 32], 1)],
             26: [([3, 1, 17], 1), ([3, 7, 32], 1), ([29, 14, 11], -1)],
             30: [([11, 9, 23], 1)],
             31: [([4, 2, 24], 1)],
             34: [([12, 10, 29], 1)],
             35: [([6, 3, 29], 1)]})
zigzag
100%|██████████| 256/256 [00:00<00:00, 1111.68it/s]
  0%|          | 105/8388608 [00:00<2:13:20, 1048.55it/s]
12 x 28 18 x 28
1 dimensions: 6
openings:
defaultdict(<class 'list'>,
            {0: [([2, 20, 11], 1)],
             3: [([1, 16, 23], 1)],
             4: [([1, 17, 26], 1), ([2, 21, 26], 1)],
             7: [([9, 22, 15], 1), ([9, 23, 16], 1)],
             12: [([8, 19, 26], 1)],
             13: [([1, 5, 20], 1), ([1, 6, 21], 1), ([15, 26, 21], 1)],
             18: [([8, 10, 22], 1), ([8, 11, 23], 1)],
             24: [([14, 15, 26], 1)],
             25: [([10, 8, 20], 1), ([10, 9, 23], 1), ([15, 14, 23], 1)],
             27: [([5, 1, 17], 1), ([5, 2, 21], 1)]})
ship
100%|██████████| 8388608/8388608 [2:19:40<00:00, 1000.93it/s]
  0%|          | 220/1048576 [00:00<15:51, 1102.34it/s]
20 x 45 41 x 45
1 dimensions: 8
openings:
defaultdict(<class 'list'>,
            {1: [([7, 28, 17], 1)],
             3: [([0, 13, 31], 1), ([7, 15, 11], -1)],
             6: [([0, 12, 36], 1), ([2, 25, 36], 1)],
             8: [([0, 12, 38], 1),
                 ([0, 13, 41], 1),
                 ([2, 25, 38], 1),
                 ([2, 26, 41], 1)],
             9: [([11, 32, 21], 1), ([15, 33, 18], -1)],
             10: [([0, 4, 25], 1),
                  ([0, 5, 26], 1),
                  ([0, 7, 28], 1),
                  ([12, 36, 27], -1),
                  ([16, 38, 25], 1),
                  ([16, 41, 26], 1)],
             19: [([17, 27, 36], 1), ([23, 29, 25], -1)],
             20: [([23, 29, 26], 1)],
             24: [([17, 21, 32], 1), ([28, 22, 18], -1)],
             30: [([11, 14, 36], 1)],
             34: [([11, 13, 41], 1)],
             35: [([4, 0, 13], 1),
                  ([4, 2, 26], 1),
                  ([12, 16, 41], -1),
                  ([38, 29, 26], 1)],
             37: [([4, 0, 15], 1), ([4, 2, 28], 1)],
             39: [([13, 11, 32], 1)],
             40: [([5, 0, 15], 1), ([5, 2, 28], 1), ([13, 11, 33], -1)],
             42: [([14, 11, 33], 1), ([21, 17, 28], 1), ([21, 18, 33], 1)],
             43: [([14, 12, 38], 1), ([21, 17, 29], -1), ([27, 25, 38], 1)],
             44: [([22, 17, 29], 1)]})

ya_big_triag_2
100%|██████████| 8192/8192 [00:06<00:00, 1276.29it/s]
  0%|          | 134/65536 [00:00<00:49, 1331.26it/s]
15 x 36 27 x 36
1 dimensions: 7
openings:
defaultdict(<class 'list'>,
            {0: [([2, 22, 11], 1),
                 ([2, 24, 13], -1),
                 ([3, 28, 13], -1),
                 ([7, 29, 10], -1),
                 ([7, 32, 11], -1)],
             5: [([1, 16, 27], 1)],
             8: [([10, 27, 18], 1)],
             15: [([1, 4, 22], 1)],
             19: [([1, 3, 28], 1)],
             20: [([1, 3, 29], 1), ([1, 4, 32], 1)],
             21: [([2, 6, 28], 1), ([9, 12, 27], 1), ([9, 13, 28], 1)],
             25: [([2, 4, 32], 1), ([9, 11, 32], 1)],
             26: [([3, 1, 17], 1), ([3, 7, 32], 1), ([29, 14, 11], -1)],
             30: [([11, 9, 23], 1)],
             31: [([4, 2, 24], 1), ([11, 9, 24], 1)],
             33: [([12, 9, 24], 1), ([12, 10, 28], 1)],
             34: [([12, 10, 29], 1)],
             35: [([6, 3, 29], 1), ([13, 10, 29], 1)]})
big_triag
100%|██████████| 65536/65536 [00:51<00:00, 1279.49it/s]
100%|██████████| 16/16 [00:00<00:00, 1714.23it/s]
  0%|          | 134/65536 [00:00<00:48, 1337.07it/s]
16 x 36 29 x 36
1 dimensions: 7
openings:
defaultdict(<class 'list'>,
            {0: [([2, 23, 12], 1), ([7, 25, 9], -1), ([7, 32, 11], -1)],
             3: [([1, 18, 27], 1)],
             6: [([1, 17, 31], 1)],
             8: [([10, 27, 18], 1), ([10, 28, 19], 1), ([11, 31, 19], 1)],
             15: [([1, 5, 23], 1)],
             20: [([1, 4, 32], 1)],
             21: [([9, 12, 27], 1), ([9, 13, 28], 1), ([25, 14, 10], -1)],
             22: [([2, 7, 32], 1), ([9, 13, 31], 1), ([25, 14, 11], -1)],
             26: [([10, 13, 31], 1), ([29, 14, 11], -1), ([16, 19, 31], 1)],
             30: [([4, 1, 18], 1)],
             33: [([12, 9, 24], 1), ([12, 10, 28], 1), ([18, 16, 28], 1)],
             34: [([5, 2, 25], 1), ([12, 9, 25], 1), ([12, 10, 29], 1)],
             35: [([13, 9, 25], 1), ([13, 10, 29], 1), ([13, 11, 32], 1)]})
dupl
10 x 28 14 x 28
1 dimensions: 8
openings:
defaultdict(<class 'list'>,
            {2: [([0, 7, 13], 1)],
             3: [([4, 25, 23], 1)],
             6: [([0, 7, 17], 1)],
             9: [([7, 13, 18], 1), ([7, 17, 24], 1)],
             10: [([0, 5, 25], 1)],
             15: [([13, 18, 22], 1), ([14, 24, 26], -1)],
             16: [([1, 0, 11], 1)],
             20: [([18, 22, 25], 1)],
             21: [([8, 7, 17], 1), ([13, 14, 24], -1), ([18, 22, 26], 1)],
             27: [([23, 22, 26], 1)]})
big_zig
100%|██████████| 65536/65536 [00:54<00:00, 1197.36it/s]
16 x 36 29 x 36
1 dimensions: 7
openings:
defaultdict(<class 'list'>,
            {0: [([2, 23, 12], 1), ([2, 24, 13], 1), ([4, 31, 13], 1)],
             3: [([1, 18, 27], 1)],
             7: [([1, 17, 32], 1)],
             8: [([10, 27, 18], 1), ([14, 29, 16], -1), ([14, 32, 17], -1)],
             15: [([1, 5, 23], 1)],
             19: [([1, 4, 31], 1)],
             21: [([9, 12, 27], 1), ([9, 13, 28], 1), ([25, 14, 10], -1)],
             22: [([2, 6, 31], 1), ([9, 13, 31], 1), ([25, 14, 11], -1)],
             26: [([10, 13, 31], 1), ([29, 14, 11], -1), ([29, 20, 17], -1)],
             30: [([4, 1, 18], 1)],
             33: [([5, 2, 24], 1), ([12, 9, 24], 1), ([12, 10, 28], 1)],
             34: [([12, 9, 25], 1), ([12, 10, 29], 1), ([18, 16, 29], 1)],
             35: [([13, 9, 25], 1), ([13, 10, 29], 1), ([13, 11, 32], 1)]})
